9.829180122483235	9.55881244858071	954728.1866068573	629406.0005851802	73689.4841787704	217695.9220361343	202266.7967140508	461075.9836779004
9.58705404953643	9.205172776841001	887437.1357518767	575988.6944692779	84835.0417802968	194412.35574540167	144549.034043641	463640.7041825369
9.728577739384558	9.510844045585632	909299.7071336501	506986.75027579156	74178.86144322803	162271.80415319148	187655.51033635906	485193.5312008715
9.124824506405746	9.02810412345027	907664.2737008836	582956.0779690765	74148.21163663433	203312.18359521622	210313.41819415506	419890.46027487685
9.112341167606418	8.690089247352578	866775.3449590628	510148.9192768017	68019.152889666	180337.73549505605	167663.78071039173	450754.6758639481
10.504027318291747	10.430076079768456	959791.6845705903	574146.1715988613	85145.00247453303	220656.23978211428	178932.30067891607	475058.14163502515
9.821909323208853	9.790442301101592	918169.1741146027	569269.5255106448	82200.18574618784	155195.410721115	233682.32217732092	447091.2554699778
9.227458169283896	9.201510614824375	898282.2050763804	595351.4304251049	84449.02974448846	215412.05114785343	204634.6296852477	393786.4944987897
10.29315231331521	10.180744628879648	955756.7827174185	468533.7037109786	78948.16431122182	221632.5930199033	198624.41746848685	456551.60791780567
10.217244113944616	9.943877361475774	932679.4829743225	623547.9340563569	81587.71246383266	183270.09209091152	214379.7365224019	453441.9418971742
8.684025771538856	8.60487620186161	893292.5254113647	568999.5545963416	76104.40779864966	172333.48794680464	203958.8256382311	440895.8040276789
10.027542104897543	9.690430096853506	918395.4982674222	669133.6883291135	72251.40214471245	171772.2193681208	195269.7402583429	479102.13649624423
9.72334540381914	9.721321913316443	922973.9491141777	559039.7641240327	85103.25869925975	181617.9199215917	168138.98447224594	488113.7860210792
10.948413595465023	10.871980065403848	962168.5572768549	601125.7100723495	87765.49000289087	183679.8045623705	236710.52839525326	454012.73431633995
9.703109757620778	9.612332407720237	893400.2504796713	582160.0055263687	81783.32219160469	215697.384283423	176914.92265993648	419004.62134470476
10.104128144608495	9.900044579878944	952334.6955180818	484900.14596504054	75147.52746562005	193554.25762542107	244831.40717280912	438801.50325423153
10.793737476755707	10.194765998149332	939572.909230918	656313.7268497173	66721.51642232035	201544.8562257356	223515.27224603252	447791.2643368284
10.695980857755417	10.560334457032312	955695.7709125157	520066.2403700019	69806.65960513063	242968.79644142452	192624.38306615307	450295.9317998059
9.523421037478862	9.399183494553823	894622.1969555129	560039.659237119	76712.9416369864	163493.82805559193	247764.6455310154	406650.7817319175
8.971572319673779	8.971572319673779	873478.2365008822	507917.8653283	74797.31813294419	216704.1274581199	184073.78236400877	397903.00854580913
8.951017101421336	8.945369799327478	885109.3174948038	523096.2872827461	72787.76700714768	156445.00426068323	216824.8383656763	439051.7078612946
9.407073073789684	9.264972489913207	916686.6318720862	549278.102340384	78366.50731295576	163333.2522944015	226229.41868800498	448757.4535767225
9.552606610162268	9.303889660468961	885307.6757045676	510547.69444284827	68468.6838517342	179427.64226357773	176856.74833719185	460554.60125206335
9.717582103793232	9.430861499148516	913207.0139628845	495486.6013227759	77655.6868665581	206000.51798950773	186164.3506635792	443386.4584432386
10.079650799486418	9.966112074395793	963088.9860149017	582980.5091168648	78041.57203147523	218503.95480743155	232224.91028796748	434318.548888025
9.243184248087772	9.10305056059022	855524.5129933622	523531.4779680699	80058.30440073051	183420.06384518737	170461.6923329119	421584.4524145316
9.486137231365719	9.390273825879596	883093.3669510199	508962.00941475277	72463.97656657343	169592.35434009033	231374.5627313298	409662.473313024
9.752020670433092	9.703368129421513	905264.2730706426	499064.29166081344	74213.6015755749	173324.88342321242	234607.93991831588	423117.8481535381
10.152194309592424	9.806622825191575	936104.5049821361	534661.3669627826	74219.89488594345	208528.39955086572	185937.07795553855	467419.1325897861
11.6259177807255	11.17037888319671	1021020.9235566901	533579.3619301658	80341.1528252866	189500.77984369482	204967.66278958236	546211.3280981241
21.304283816473717	18.64199339449155	1264270.6282867207	526332.564836093	89131.73191743443	277961.65271255386	274437.22775563766	622740.0159010912
18.963057077122635	15.901857159429333	1182540.7077156154	532444.9204496598	85758.25271706362	249649.47320703533	249392.08716153106	597740.894629983
18.93552346628965	15.84386035353523	1182853.94235161	532401.4973014075	79997.42259802778	240987.9309012822	264769.21739906725	597099.3714532296
21.139058221730984	17.215363027182743	1211404.2897450554	605410.3701757063	88263.23579516685	270876.09732267074	277015.92647261434	575249.030154601
21.37909164691234	18.589698679233425	1243905.9864370427	597312.2488441784	85331.6523562181	274000.9671189969	294806.54084073234	589766.8261210924
22.692971444025762	19.505589899671413	1262901.42056918	514621.3669569189	87536.72254660404	269137.16322087665	298162.5272802409	608065.0075214589
22.054300527981653	17.7364469042861	1232559.2125649792	504608.66159687197	86751.17643828418	259534.22174486873	240441.23072489325	645832.583656932
21.002438697809556	16.4820428989332	1209599.8604119127	546475.3937431148	84772.7392491531	259032.70153435422	243029.47244703825	622764.9471813644
18.575653189237205	16.48977224133795	1210940.3761335681	601432.9798520958	79647.89320821337	280836.11395010963	265032.5432853814	585423.8256898614
17.601280321660454	15.343700477129294	1170118.6577437213	490389.9038167552	84220.24182554818	222504.50490049558	292644.0254806097	570749.885537067
19.874863763467705	17.11913506548178	1225345.118859497	588279.1508141629	85621.07966905457	271404.0624232738	294606.98254639003	573712.9942207764
22.295308289813896	17.480677690048648	1225476.7806820467	597891.4974023178	87800.52794792976	263351.5538211983	288766.79093829246	585557.9079746257
22.384106500991262	18.53721266307878	1236292.5469599438	557639.6162791884	86217.43450546311	242440.12393205456	250873.32200833212	656761.6665140924
16.700046683516863	15.814424948116049	1183338.6478256518	446742.98595688166	85204.65835440994	266022.9385839563	288978.21916544833	543132.8317218369
20.837429972562703	18.204671554614205	1254505.8818526329	583502.8464742115	86950.45685617352	289406.63797514356	271798.7202896045	606350.0667317106
23.432398269570065	19.213531206533347	1246173.253968228	530119.5921155202	87205.87881942354	265818.4284256996	257904.0994868737	635244.8472362304
20.62188036608176	17.487186308277078	1222213.3606943474	484334.0441415277	82591.09371908908	257778.15834394592	265585.77642549365	616258.3322058165
18.530798996441955	16.214798904096362	1204416.7879286457	444834.6996822254	89044.80736494664	254767.17762499332	284481.41105792724	576123.3918807765
19.998099003092666	16.58415836560501	1195160.6103052576	447614.51204852696	86885.68275046862	256033.5855544343	285394.0860604437	566847.2559399083
18.844770133843127	16.640701464688725	1222319.2031500633	516601.31520621426	90055.37181284575	275827.6019596596	244136.23696885406	612299.9924087025
18.45212431210595	15.932180960236801	1204939.7138409847	514539.80341337447	84666.96665595169	250409.12282063134	263848.94297567895	606014.6813887185
21.265565121327786	18.182065060644703	1243877.4615981122	515293.98214372364	90841.47741204112	274642.003989867	286759.93365643197	591634.0465397697
21.075433231592143	17.153659388629038	1228830.6611972726	577560.7537087625	88260.95620137207	270238.9536352063	286259.83576849976	584070.9155921922
18.921484116624182	15.892249154244563	1173547.7545664415	514911.14764616964	85005.62871909625	283487.7818334952	259318.976737229	545735.3672766192
17.881465016975252	15.508715515182361	1154389.70049147	458564.20396048785	86876.87083254309	282621.38196689816	255729.07859176255	529162.3691002649
20.190786663637624	17.586428903920382	1223091.5586029224	533295.5159041337	88631.26044589555	264509.68210736767	261447.04648840264	608503.5695612574
21.679901614478176	19.30445274038404	1276368.9083086487	612072.4273288826	89366.75266364674	292113.70480871666	284241.855609246	610646.5952270371
19.422751696102278	16.194459983966755	1210557.7625520073	580598.5580630569	87488.30367373014	264077.865336606	279514.155534811	579477.4380068587
18.41807970121951	16.66872458571679	1185565.281449558	488959.9093541163	85037.96403704988	283990.6408115338	256223.67790512944	560312.9986958425
22.577555807856434	17.69556295890998	1236962.145099585	576032.0156310007	83140.43307251392	284481.9596050078	247304.1547634677	622035.5976585931
27.962043954457442	22.099320895182764	1348415.6505724054	551434.5798950914	91486.84880541723	305925.5695839836	302557.30732954695	648445.9248534573
28.396948927588713	21.031125858996543	1313790.9778639623	550155.150478303	89192.01505648748	276468.40779542737	304490.0780533093	643640.4769587378
30.076160194088544	21.907803215006492	1341666.404878879	441986.9400380188	89048.4043946928	297849.7185123093	302474.4750074795	652293.8069643981
30.57346931945576	22.966896232893944	1371384.92075873	477084.11732015706	88950.81162248956	290731.8019925691	305852.7687194521	685849.5384242187
30.450370364620298	22.749538639121823	1369722.325138235	477916.225687694	90228.77654814532	307997.1580965717	296326.84110509756	675169.5493884202
28.371363521535613	22.025626707537207	1343694.9837950312	421534.0873020193	90179.14925889942	285636.6051692614	283406.8185682216	684472.410798649
29.095823639962415	21.46680148344042	1337808.188037253	487214.4933607607	86130.67168682655	293259.13444291794	275863.82358142437	682554.5583260776
29.291810285652957	22.156809550774486	1325284.5234166754	508108.43360510824	90294.83564423402	276686.9633096077	305912.5249422365	652390.199520593
28.06253784316186	21.344530796890265	1314456.2987486462	470833.42314186454	91737.35360638835	304189.93135632994	273307.8205927875	645221.1931931404
33.179370937448056	23.089721038358896	1373977.0137608254	494501.54916891706	91995.41854679749	307853.850735644	287819.8296716866	686307.9148066948
32.33879329251258	23.02382115176688	1368353.5217727865	541612.0795203482	89883.11627125567	306540.6947942062	293958.1814334775	677971.5292738444
31.16687712118043	22.39085001109759	1364425.7503020011	504044.277058589	89289.33550973547	303672.6360215205	292505.26529192564	678958.5134788153
30.684474418014783	22.791591170816794	1376097.7967510866	468835.8034143934	90748.56486314443	289789.06659196154	304154.6979562956	691405.4673396865
30.103358504456054	22.41292627197802	1361745.8272374661	525013.0218144815	91630.6340347109	301579.6185838612	297089.23200495366	671446.3426139416
29.897206632435143	21.444657012005013	1334104.3664546104	554512.7069806535	89218.79186504263	295520.4498972696	284733.8288318796	664631.2958604178
31.394718880566604	23.19740384958994	1371237.3941161935	502713.34728261986	91586.149414574	304410.5470056713	303697.01542404195	671543.6822719061
27.902488774869795	21.255094156916627	1304306.9015810261	537314.0031188107	91610.62176860443	296200.5992517538	297651.09400291747	618844.5865577507
30.824334458078628	22.13719486743679	1356670.199139072	603097.2513943235	88706.60311189848	291557.1863438255	304944.14119436935	671462.2684889763
30.431743889061913	22.041580865781473	1352553.0472203547	536461.6011471626	90882.10969583312	299547.37573057954	304990.77407769655	657132.7877162428
28.616049217010975	22.289764201050662	1361189.9661725236	560437.2250282834	89678.82360351732	295523.5789181359	288155.9239578259	687831.6396930416
30.511658973013557	21.82019085642001	1342708.7158548234	493524.17574177665	88343.61398777437	284284.7535620338	283376.3585325351	686703.9897724821
29.15133943482803	21.69007513074223	1335547.037786253	548498.8860097245	89129.24083821327	289067.9671073277	283149.1240932257	674200.7057474878
31.659908010344598	23.2327316850382	1368410.5749108628	608907.6834363948	90649.80883841515	296078.52137730166	302993.8860439656	678688.3586511819
30.62746239681345	23.017683959121626	1341443.364121866	537211.6041792573	92616.77739222508	303628.7456004856	292163.4938050344	653034.3473241203
30.371378655787503	22.1083071417036	1327931.8407050981	584297.1837969272	91037.29108749777	294371.7755105563	310165.0274749865	632357.7466320569
30.53663646974274	22.964514434396687	1365397.0877337926	497168.9135577146	91050.78253308045	296084.55637753673	306045.2325962644	672216.5162269075
31.72524576257973	22.88020235942888	1355212.7300673046	546923.4234583162	88546.57054051121	296116.9391350552	304877.17113018536	665672.0492615526
27.747201448130628	21.28203635293783	1322678.956347657	534036.6332912804	86976.13117410828	287911.4221409174	279046.7676192976	668744.6354133324
31.20576049344316	22.19839486530287	1369949.7577529487	440777.33832284797	88531.93732877476	295566.13448172715	296179.50570928893	689672.1802331544
27.10279016896886	21.75925509691313	1336235.1552438375	418442.49686892185	89164.13568368951	288861.3735249139	282313.68895408517	675895.9570811501
37.45652834966033	24.926335100543973	1396943.8235368414	557490.2627682711	90295.2124632607	303724.10223340866	305103.9686269224	697820.5402132509
42.39685153161688	26.826432248987974	1418398.252417228	488379.7672461514	92314.26160790061	312679.1337974747	306256.29652736284	707148.5604844862
39.49936778492027	26.127710935355605	1415111.3020906714	542150.6949096338	92560.77699173702	302745.83248028765	305712.6330884936	714092.0595301525
44.15311516563902	25.775231895840353	1412161.3491998059	451180.0762384746	89456.87015089665	301956.2541762045	303283.3765140394	717464.8483586654
36.524964070042515	24.47479472433511	1398147.110659642	519582.88289340906	90801.33618198808	291491.17128636234	303741.4763465187	712113.1268447718
38.491103817084195	26.396837700786755	1420797.1942120453	500986.59637444984	90135.70781491483	305211.3856026857	305575.52456273127	719874.5762317114
37.324561588965715	26.128218049230373	1416813.085378364	461743.22098254034	92152.68545703421	302662.3254735039	308084.1104818625	713913.9639659626
39.72110151590186	25.83893404707989	1407327.4452107544	513803.1961881364	92423.73915172704	306311.18442644825	302748.21769536025	705844.3039372147
36.227939456036125	24.995013346877343	1382777.2107854784	467203.40954001324	92197.33550855283	309416.5284204974	311315.26229854394	669848.0845578837
39.33577827129223	25.985291792210283	1416939.365114213	488107.116114231	90533.05795374785	304670.5097547491	304406.1740692447	717329.6233364677
40.95108099122893	26.573626879037924	1414134.88202	501395.8130946988	91264.7757164215	301314.32450203644	307666.3983039026	713889.383497637
39.56592409242311	26.31059172501867	1406746.94124972	457507.8038995072	92590.94692735879	306890.50710791105	300128.29480552155	707137.1924089319
39.03178746393144	26.583233205446376	1419355.5064885789	543037.8117464443	91014.03231884433	301972.7268586419	305238.7305444088	721130.0167666806
43.354409932794574	26.682203047142302	1421869.629957907	542038.6644928302	93412.7750270179	303265.7825102524	308905.2589998786	716285.8134207537
37.39674870250949	25.30330524180141	1405508.8468159938	482422.89898903907	91537.64719565175	306313.48911653564	297130.60147156846	710527.1090322355
40.764983910588185	26.497364961590215	1414449.3863390165	425796.5483983564	92345.31770671597	306564.9066373463	306563.8475153715	708975.3144795827
41.67722991525568	26.513165254695465	1411474.282269061	545301.8633641975	91318.90093300056	304258.1906064673	309292.3282161647	706604.8625134295
37.20515451865668	25.24836891299812	1408519.8160919454	451607.54346244363	92944.67735635462	307967.2020282342	306549.9161287126	701058.0205786452
36.7299804946928	25.553847860388966	1402428.7608622536	434369.9555621914	92460.81303236689	301414.8604371641	308595.4215328964	699957.6658598256
37.17239395025337	24.972894112130064	1397270.3172438021	511635.6954880639	89400.98519983029	299677.34154792177	307040.64009726595	701151.3503987845
39.50471660147813	25.33712047747578	1404048.4951686657	507716.8020180218	92107.3688018696	303953.29154603026	290639.8226045201	717348.0122162444
39.18634098043651	26.542959287053705	1420514.0606908745	479304.8727800468	91286.65222619304	303036.5064116771	308719.0303663653	717471.8716866368
38.63573274858404	24.979678020663098	1390797.7968136345	584973.0756065866	89933.26437537493	294821.69288456114	307585.01592685876	698457.8236268392
42.94111956284494	27.223681316022073	1429337.0734623568	608845.1309010114	92350.25101032156	306881.1854393912	310806.74044027895	719298.8965723612
38.961796705715756	25.79622318755166	1406193.15446817	484749.94352446555	91699.83269918636	294724.70983737934	303243.5666921469	716525.0452394523
39.97547574763055	25.952448688689785	1413057.6643319067	532396.213520238	89974.73252012838	304112.33052581816	301821.5279671113	717149.0733188489
34.66793377667558	24.33543949728002	1368957.0198194778	444451.3479814209	89861.04488576192	296274.0838868677	300130.21803207294	682691.6730147746
37.14770859827896	24.91777776239178	1399301.6613392008	563548.3925240025	92781.94657913345	310462.42757717473	304105.4163912391	691951.8707916569
39.35316921826728	26.893144030829106	1423365.3632365994	526674.1092061029	92584.8425275098	308960.754095523	311622.1029842463	710197.663629319
38.803317132642384	24.960544136895734	1395247.261116111	513441.49516486714	89364.55419109082	292311.972604252	310941.64280396263	702629.0915168074
47.54162783622063	27.390945330945318	1435157.882653843	544304.2216360329	91619.71659664185	310441.86630649783	312490.59435668716	720605.7053940169
48.32240034500673	28.2562980237066	1434315.97840029	533651.4614916396	90949.98529391439	307855.94586375647	312235.37773931515	723274.6695033041
46.320518279905265	27.000218425823316	1413112.9712910124	458847.61857950076	93450.07745011983	307085.25231668184	310036.9341299733	702540.7073942347
50.62451448405919	28.153354340549043	1443680.8986985807	505618.33621784946	92162.04773349407	312356.825678893	311194.19035320514	727967.8349329907
46.26060380607632	28.09903814778478	1430094.1069485531	524294.4387682468	92465.78474416955	304069.30504056363	306665.14411316323	726893.8730506502
47.58621537191426	28.147512186204587	1433054.6076806244	600317.5504967885	92864.51576360599	310544.8459467741	302588.8587920898	727056.3871781537
51.50385592151243	28.001234093980635	1435997.8235229403	508373.4214661529	92522.59756375283	310894.32036013616	310798.36100832024	721782.5445907323
49.322877738032936	28.40916952303947	1440503.6528132802	558364.7383383878	92556.42693055845	306072.201877754	311309.891870084	730565.1321348802
51.80322358334041	28.52600258285787	1449196.7149608033	582993.2983510941	91972.24878659383	311405.0703629508	309687.41332296206	736131.9824882912
43.938818974443485	27.87388581197956	1433866.6425307589	462000.11726398865	92186.08803677972	307659.4837144116	307485.94623350905	726535.1245460565
47.44953759008906	28.180885376070062	1440685.1867472336	442784.6041690819	91978.90259050156	311255.2797000572	307853.27018905355	729597.7342676246
49.561089236629314	28.649321568655786	1441532.4120122136	477504.9287746507	91972.95037663908	312385.68780408317	305174.11622358963	731999.6576079001
52.29913488869825	28.54988448980029	1445500.7463323486	551890.005988698	90941.59221499966	312819.7643544833	304938.03343111515	736801.3563317471
47.56756630516483	26.75938795189939	1413945.2920193793	459711.4562050732	92231.60570021014	310459.0983304918	312634.04883595643	698620.5391527208
49.032684017487625	28.006822661752537	1437704.3246779381	461676.06383564125	92309.77300999564	310739.723660137	305802.5197335714	728852.3082742329
49.86780418144247	28.553041726189132	1442523.8682287263	460588.4403617204	91691.67669739481	313005.9611725272	309631.60049455805	728194.6298642467
48.398969966381465	27.563778915594565	1427869.62396253	555340.7298138409	91573.81546148605	310517.32512770547	310914.76648379816	714863.7168895397
51.01114088071008	28.66167317876707	1443001.1581348258	480234.7546488938	92076.99325561839	307303.7839480455	310196.09210303	733424.2888281327
51.981832101313174	28.600414193826705	1440743.3364103022	508805.0879173568	91950.19666562512	309051.47845094866	305971.2916876463	733770.3696060843
48.31608456051854	27.92897658577286	1437615.4161261718	502301.21709074185	91874.17613491646	307209.8526877501	312093.6276215683	726437.7596819374
47.682864550493505	27.712412772655245	1441310.709463565	511842.7908603799	93023.63631619561	309123.5965588248	309794.70294396474	729368.7736445845
48.86314232541482	28.489813838082117	1446593.6966606404	464984.62438941875	92597.6697883292	309928.1419761595	309149.2760216661	734918.6088744842
50.31365841626018	28.475800443083592	1439903.7501816277	535078.3668120794	92190.34158505952	310969.4012251367	306509.1028871472	730234.9044842832
47.33965337676616	28.144885902027948	1424228.4497486143	474217.7938284899	90703.2748401846	312039.9885854363	306001.75086245313	715483.4354605394
48.26888755250245	28.021083491542655	1435112.7946624844	507098.3804005092	92425.51972376856	309141.1619014867	303056.1417528351	730489.9712843954
47.64281859585717	27.431432090839472	1419195.9990620522	406923.9235309417	91271.76537584003	301633.18467426155	310278.03068382666	716013.0183281205
46.31685957424385	28.037471790737627	1434386.7334010354	501848.532774296	92822.1791416386	302639.85991668655	303983.308994836	734941.3853478743
45.37972598213367	27.725583879851644	1435534.7985007386	520434.07732855127	92197.66918563774	308977.7702937439	310854.962593664	723504.3964276906
48.16456590118578	28.193616073876125	1442252.2042318173	507983.5500909814	91018.40044087969	306767.58176249487	308064.00286248105	736402.219165959
48.521846982234905	28.082913540787388	1436522.7569214609	531311.760245911	93571.1939839246	311043.6941401556	311719.12276572344	720188.7460316556
62.80753616387588	29.89223177003885	1452927.6127210606	513920.6199094464	91587.727115408	312112.69443296135	310617.24987537466	738609.9412973128
62.766948375643366	29.74246849998612	1448782.4237477863	521101.1485161663	91487.32947580532	307607.72272806603	312317.28951445775	737370.0820294553
58.84244264513035	29.790257365789575	1447517.6746082767	533132.7552256249	93217.34763235811	310411.27430738776	310504.6994738449	733384.3531946854
61.618900062656216	29.524960059789276	1453088.6815841	454988.9212256222	93042.83933256118	312099.6281316219	310711.7994944285	737234.4146254858
55.602782886757815	29.153360454487647	1443022.3245284234	483554.82453256985	91945.63635789059	311774.5303596793	312988.8408426616	726313.316968188
62.03140516205919	30.14523420522558	1447036.0189008126	483030.76158534485	92838.30226256164	305430.1186204659	309568.40919365204	739199.1888241313
59.78276576115807	29.58636562199253	1450233.8921607689	513692.5924204613	92607.2200642744	312818.3535855391	308703.7314288279	736104.5870821249
58.395657673467845	29.450762275742463	1453800.9529351604	562893.8075995785	91919.11352788046	311234.82460574846	313772.3734938609	736874.641307669
60.39849274933064	29.379932147476424	1446809.054733154	610017.5399868884	93552.08345097909	308789.9409227294	311745.5552786735	732721.4750807761
58.3878312357058	29.76977484330843	1446242.0443848285	605302.9029011265	91846.69792501589	310990.59506843943	310351.58723373007	733053.1641576434
56.59051601228709	29.21812024403052	1447568.905336006	589255.6299758637	91905.60661141059	310302.8207799177	309618.5477621315	735741.9301825492
57.50819668894917	29.46194989609204	1450184.0391746303	535964.1625035611	91987.86403204752	311718.22269238054	312390.87638560054	734087.0760646
58.584118003925354	29.781310054587458	1452538.822038157	541283.4085146568	92333.59133704143	312867.71352628904	309324.82271244354	738012.6944623836
57.87268377569965	29.849935304218747	1454145.0819861786	573100.7183321298	92641.1746451862	311074.66007846367	312810.4263520952	737618.8209104331
60.40970832566567	29.555289980825368	1445850.0270132762	465934.76772108214	92112.13539579177	308347.2120210364	313326.8510528731	732063.8285435747
58.72900869023179	28.788846925749308	1436446.5528007003	447686.9320772409	92235.04071600927	311660.8304580469	309327.56049960747	723223.1211270357
60.60288019176509	29.09362373564266	1447683.2694164198	527562.2438165441	92810.65797174425	310629.9859026706	308545.3242525217	735697.301289484
57.33753927911455	29.480887540476566	1449284.9124960103	524793.8277201953	92141.0029405146	313154.6998332259	313046.5937095002	730942.6160127633
60.89692698885212	29.671932089688998	1453540.756089905	513694.00337116164	92466.3048657198	310828.30325090373	313594.5317766181	736651.6161966611
60.24558395313813	29.641883060983655	1451858.4509434684	507308.85515066044	92610.2531335941	312519.58903615206	312759.12286322896	733969.4859104919
63.91400123301536	30.058165590029393	1449161.0372434447	492506.89376105147	92471.31225192614	312435.9418726415	311778.2573819049	732475.5257369702
62.15895294853718	29.740000443569972	1449248.757880253	502552.5846819441	92641.22709064011	312594.6126004566	311681.57414163183	732331.3440475283
59.65654696439304	29.505283169549205	1450759.8544532012	481507.81649094366	93000.48835689135	311697.9760452829	312375.71295334667	733685.6770976787
58.54218897421536	29.170758940016622	1446881.3999569176	495775.6739649037	92855.73285775854	310644.0041989509	313560.07858491834	729821.5843152902
60.75583963075254	29.200631684129515	1440558.9885295732	564767.2239125065	92651.32588661162	308800.4382508468	311676.262129758	727430.9622623574
57.677071094732014	29.17616779490214	1445119.2483572355	547046.4266768119	91495.09361914067	311053.36471920164	309086.19275436935	733484.5972645236
54.857339567157005	29.14706143611029	1450587.0812184892	514014.1335921294	93030.74447894335	313550.1415451446	310557.93027158664	733448.2649228115
60.865659495953885	29.563192728796324	1450723.6303479671	534193.3045964593	92624.44980538204	309285.13508892426	308977.9917371008	739836.0537165593
54.532528130929734	28.752852896431296	1445730.5307235233	467435.055285033	93270.8884650368	312716.4136726653	310168.4616256595	729574.7669601606
58.38150507734823	29.618065449784385	1456936.0886666607	478712.28249211604	93506.42465239095	314471.3074490947	310089.99636851833	738868.360196655
69.18016444862359	30.314582993492145	1457293.1382693753	495474.8501665586	92805.68722106586	311669.549741246	313247.7970037097	739570.1043033561
66.9311122874392	29.760356704015567	1446311.8777476666	509708.7885111748	92380.97307195865	308993.55242860515	312554.03000787756	732383.3222392283
61.55417152025063	29.876223700069612	1453646.5435699688	524327.5467651404	92629.85096940675	311867.25319869554	309444.5880760993	739704.8513257675
69.75072728037313	30.127926209908114	1453459.7262860197	527035.8278232192	92118.60997747496	312143.17134314857	308551.1729411314	740646.772024264
70.35065372298094	30.112829044705364	1444416.3307850158	517961.5870938247	92010.95938547267	306778.637297985	311026.60878679407	734600.1253147634
69.80169973395341	29.981251913058927	1450315.4870168776	492252.14462318865	92701.13074673434	313100.4883299417	310005.1679579269	734508.6999822751
65.80656286695218	30.45446164787979	1449161.4051958963	455364.26591281674	92878.79718631232	310508.7360475356	310176.2311637961	735597.6407982504
67.85248257365838	30.40435628532325	1458012.0638918905	553326.2834671291	93302.60745800131	310913.10930890666	311275.5514314129	742520.7956935698
68.84481002284123	30.108564242975525	1443839.985592137	502250.7151763144	92835.27679003208	306834.8284296141	310235.0222409902	733934.8581314998
69.76506266087104	30.681932738829854	1456613.0164756419	495219.4050110321	93470.15576352063	313094.3638456659	313739.94177993666	736308.5550865144
70.13582438119177	30.383441915213677	1449212.480768139	518274.5598345561	92758.92177893613	308674.91586827335	310710.11464573874	737068.5284751906
73.94160331668274	30.77423543929858	1458979.7443853656	447662.84012561635	92805.7657293129	314437.0059560417	313180.415057761	738556.5576422454
72.16095149483692	30.430207924532244	1449968.401167786	554833.2360413583	92759.37546009466	312077.52320687834	311396.449161973	733735.053338844
71.8492564054961	30.406992501644858	1452169.1044634196	530377.3360300162	92804.35114455891	313463.3261884869	311380.8876513675	734520.5394790033
68.80740110527512	30.227633009425706	1454696.2415810344	502334.8327989581	93132.81203041617	312271.99393867457	312999.7628382219	736291.6727737235
64.87296173917035	30.302970502339363	1456593.519664122	503652.3440968225	92511.71304941158	312911.50742112537	311851.4569150656	739318.8422785199
69.61370308340013	30.495742644313413	1453990.0900065762	549955.0541972441	93172.30260616996	310567.89822659973	313297.84515531984	736952.0440184864
70.84347179652363	30.666844027790948	1456004.8789713208	467627.3602651365	91986.15150118902	314393.5889116724	311103.84519076516	738521.2933676904
73.73776739517761	30.475100706710915	1456344.0853770473	519878.6370627063	92949.9928779771	311765.586773952	314078.1973525824	737550.3083725377
69.6156561906496	30.232222091443372	1453709.849460735	529595.4887101583	92816.68103091962	313860.7225569528	312244.64731792506	734787.7985549389
66.60019658908985	30.419267946902494	1449605.104359614	572938.4496178584	93443.66013624475	310990.15748246375	314023.5561925627	731147.7305483394
68.29645117874165	29.984541486283174	1454834.630237825	535040.7749453065	91871.13775100265	311109.3885117555	312116.7673683588	739737.3366067078
70.55759374119542	30.2735867571062	1449717.1484294634	464107.9903686158	92571.3499716152	313128.683326967	312221.775551269	731795.3395796044
70.63706142026243	30.528961223365503	1454971.007534406	546616.1237031202	93013.3989750839	307650.5664594509	314792.9349069059	739514.1071929631
69.57358039952483	30.346462284234153	1455335.6547302208	519857.6327503841	93404.81993851274	314121.09848070773	312538.3136741263	735271.4226368775
70.0422845131227	30.55699669852596	1455725.3126508016	536812.0767696173	92948.24785902003	312745.6724587135	311246.32447727973	738785.0678557911
66.38129979918827	30.085350930546703	1453253.9877978505	472059.6598753701	92385.20085343189	309975.9528949642	312009.87398689147	738882.9600625632
72.27269689933017	30.258061682629812	1450738.9223003977	474269.55274061556	92677.42101384701	313714.8541025253	310858.0423564419	733488.6048275834
69.03635801027674	30.255219568262294	1450443.5491265748	475248.5839100254	92838.71581397936	312046.9036187359	310106.5407655935	735451.3889282636
72.38235400830564	30.4813921056576	1454396.34168656	514086.0505305516	93573.81569263677	310993.1676947247	310786.04337130266	739043.3149278958
79.77798156707148	30.725106438415978	1457414.4342541236	511383.84987387387	92910.35480325908	313475.75920845295	312082.95814106835	738945.3621013423
81.88388602376952	30.78170366159822	1460035.7970599318	556820.3830023987	93358.6123821881	313100.6387968721	314765.56903903227	738810.9768418375
79.34473062792884	30.70806068535216	1457466.8776439151	476682.4431086997	93214.06430447211	313806.25344578986	313036.7979322446	737409.7619614112
79.00311821740601	30.694150671394954	1455686.910168518	585390.5247469863	92676.67650174024	311357.56578514294	311260.07179682126	740392.5960848072
76.99804253602905	30.69198384851033	1452024.8789157146	498172.57248405454	92455.59718963546	311144.40243111015	313469.99022601213	734954.8890689573
78.69952990298776	30.749346049773134	1454960.5841964672	510876.6630006825	92839.98299349191	312272.31247164	313696.6295996584	736151.6591316753
78.98887208818239	30.52285116088803	1454933.820528487	532515.4213208365	92909.11320986906	311749.0096815535	314643.6873793746	735632.0102576817
74.8151471196115	30.707682721063446	1456483.3606695686	619650.7713663529	92881.69284855209	313385.7130079911	313225.10855033074	736990.8462626954
79.95985399774884	30.993317967464726	1458432.3719637725	565529.6214752147	93233.97444000884	313881.9865739597	313274.33907060686	738042.0718791974
80.56730917575858	30.92816556534544	1462728.6304657557	524360.0545841218	93394.01645845787	313198.1158193278	314446.7119772996	741689.7862106713
73.49777434898671	30.90519644612178	1453469.7254774556	495566.7192969077	93020.44686333147	314059.47254675714	311966.3805989157	734423.4254684534
75.75768397291525	30.835166927768224	1457974.4687041563	589436.9536337886	93162.65012691455	313173.70379021857	312418.8868768474	739219.2279101767
77.90500917599329	30.761836215538608	1448391.1217960166	531625.7887520051	93169.83228595124	311637.21635642275	308316.8381190286	735267.2350346153
78.83497994233083	30.76074056977428	1456203.750990842	581500.1559186197	93180.3608053478	311745.0828249156	311008.442307282	740269.8650532955
79.04180703590927	30.434630959453372	1457191.1299599437	614552.5851525136	91744.2891658884	311413.89359248715	312152.7958128388	741880.1513887313
80.15101884483089	30.63502297933884	1449602.96400004	558282.133858281	92938.94152662724	312173.3113899979	308428.3540652227	736062.3570181936
83.40180740545448	30.85112605094209	1460678.453232789	543308.682241351	93694.23132333044	311857.60424833157	314166.81363095815	740959.8040301669
82.80536544850843	31.309886881135988	1464442.8313779014	540147.9186238247	93093.5505507415	312355.2741031587	315410.54791416135	743583.4588098386
76.95915041482291	31.01467301874509	1460870.9348062007	563042.3820191516	93519.62322268961	314985.2088120196	312335.6701072027	740030.4326642916
78.24197863031522	30.62885690845663	1455057.6332163801	517050.211549828	93122.46064462817	313153.751676691	313483.2048842993	735298.2160107644
80.75180206585038	31.022364912110287	1459249.5195175079	509888.2644845684	93642.72816271592	313903.8313725665	314767.1600840287	736935.7998982008
79.33617028715689	31.200995075478932	1458261.6633345848	561767.8102745381	92511.11276347765	311350.0156984465	313382.64090840745	741017.8939642457
79.51540279496966	30.989020386309537	1460194.2244581732	528404.4263720261	93147.09569884207	313758.51663421263	312009.1746458385	741279.4374792781
74.33529045984135	30.533724124944374	1456233.690209163	460820.89725639066	92730.74777319339	311499.1170015629	310161.2630088722	741842.5624255344
78.63992591409074	30.805105447793387	1457809.1857489836	502074.1927069503	93482.01373039435	314627.1702970245	310622.85941873386	739077.1423028291
80.87728501292693	31.338672900336054	1459695.4074047306	480680.28106947977	92518.80876638847	312482.2297389776	311756.1470327261	742938.2218666372
80.28035010191589	30.85395103121435	1461556.6010846058	525468.6480800197	92870.5839656058	314090.25347208243	313499.08546476136	741096.6781821558
76.76844875479536	30.899739782527003	1450624.8583343604	542620.0163612798	92323.96458879043	312916.6969526194	311930.0117606112	733454.18503234
76.27508635470133	30.80419770834178	1453475.8495237348	423971.88985779305	92697.85809952914	310542.79324607266	311480.0095037351	738755.188674395
81.49714543436383	31.018693479815298	1458724.2835595983	517488.6902028186	92760.64632182413	312173.5566264745	314051.2034575217	739738.8771537746
87.62876045309648	31.339047229779148	1462450.4658081504	508212.9838943919	93347.89800777208	313129.7351635696	311877.08687267895	744095.745764129
90.43121835482786	31.24184740993708	1458546.5269398016	586081.927021354	93379.43287590449	312089.1955704464	312837.2458489492	740240.6526445003
93.22339540149153	31.32363587290391	1456326.9554115632	523484.31381432735	92920.78261718129	313168.07520852966	313378.0115254861	736860.0860603638
90.32757339092005	31.36962546164271	1460819.14904361	542847.0761633558	93166.788581182	314725.5200828055	312646.16605785163	740280.6743217715
90.78543316623056	31.329400378148538	1462687.4854874583	559591.8686084012	92718.41283516487	313292.1164164315	313603.021947586	743073.9342882786
90.99341274797538	31.4638416757551	1463720.397558426	533486.3395627327	93643.66161687643	313211.67026069114	313409.0491262052	743456.0165546571
86.4826467965297	31.276497329972855	1458544.3645516245	554218.1956654573	93475.49190638907	315347.23775665235	311260.1326160376	738461.502272541
87.12052383564055	31.342305327564013	1463930.0251143181	509779.9837109343	93425.57431278935	314739.357049825	314550.78834758693	741214.3054041229
87.39014703894203	31.283530715748142	1462769.7893004296	484179.4789008837	93387.27062707422	314336.797757528	313417.8134573358	741627.9074584909
87.02241317066054	31.34517312902025	1459777.8766626038	519379.52734652656	93588.7010866056	313541.9951805534	311162.4518606355	741484.7285348182
89.74143363053258	31.21657393152102	1462259.010883987	520241.0316791738	93372.49274134827	313620.75068440434	313549.7388117866	741716.0286464442
85.9464173598146	31.304555364528206	1462825.0599105468	500731.9736319852	93035.53167689264	312231.38447478757	314844.7417970308	742713.4019618328
90.85026567454504	31.574226944457358	1464012.9995391779	491805.6926505109	93133.80763690578	314663.22881769645	314379.1701498076	741836.7929347693
86.45572489905815	31.106321801348603	1462066.7196755987	521986.26785470505	93269.30135691563	313837.280553497	312957.7991435379	742002.3386216497
87.64539258436024	31.1794046542553	1460566.795222914	547472.5635175518	91286.36350055307	314550.9247929038	311879.48834253283	742850.0185869235
84.7997085467143	31.38810981813091	1458712.979580823	516764.886603068	93319.34639777755	313966.04321039707	314278.7899569039	737148.8000157449
89.3749468183103	31.411999243149015	1460135.9269503488	502374.1906041563	93460.6160205073	313879.8541747233	312814.73706034163	739980.7196947776
85.97241496345251	30.851785901201996	1451878.7718345914	460903.3080864634	92511.4119737642	310254.4219513001	312170.33259854367	736942.6053109848
90.25903851363982	31.32457532389346	1463343.647815585	528120.1625666097	93466.450356985	314507.38691791985	311729.1638615433	743640.6466791376
88.72890575382432	31.195514980700086	1457690.8931478732	484974.59258722904	93049.09761813156	312413.3447495182	313747.43578959483	738481.0149906286
88.15733291182003	31.22034882065792	1459501.6183479752	503608.73287223687	93467.10540284464	313478.42635604873	312143.8248964924	740412.2616925908
89.65139996833449	31.507726470336458	1462863.2717857296	536276.1457592004	92922.43285772028	313039.59938058484	312403.5615144628	744497.6780329605
87.54790360139276	31.337374559691757	1463897.086155721	538166.6506789413	93418.07932322747	313364.9911624831	314631.3542610159	742482.6614089969
88.94612458702858	31.00348553298315	1453697.0478636448	530360.7664393439	92808.92164469705	309472.93752946187	313430.37887769553	737984.8098117976
87.89035102802079	31.191465829623777	1458896.410832833	533316.9670175306	92714.68473433953	313632.69923698076	312124.71431690454	740424.3125446137
90.57501912155435	31.45644598834357	1462927.4489853526	511017.58143676835	92622.51754352992	313845.87712052953	313005.1448049563	743453.9095163357
87.50003506089871	31.084006293592033	1456309.6482390992	505040.7896476862	92668.34596304968	314701.39872820803	312073.00012907654	736866.9034187641
86.71865297933742	31.581331353287098	1464154.594104471	480292.76514682826	93413.93212591238	313335.1408819994	313075.9115584906	744329.6095380723
89.93127901579376	31.311205707993246	1459281.236260746	519690.65594601986	92548.2929720201	314838.30920078675	311548.7404384744	740345.8936494602
88.73985310977675	31.078810136153486	1457328.3899058956	577551.2721469895	93201.67003234991	314074.04209798883	313617.08334159054	736435.594433963
94.1383587531993	31.5938119067293	1461100.460698402	503946.10221092263	93376.45640704948	313363.8051699617	312118.29022891994	742241.908892474
101.60764524299498	31.630610337028173	1464101.250758414	550051.4975493771	93691.45522104259	314007.6612487823	313013.39523079514	743388.7390577926
103.02621537969915	31.887073386165135	1461682.5456849202	614994.1590878366	93278.22360957606	314452.8726831659	312052.2340142793	741899.2153778983
103.53661936136143	31.557785452071034	1464380.9600835592	554264.1243819608	92565.2442432306	313819.25259968365	314090.78966368415	743905.6735769648
100.4491915105565	31.62084595675557	1462565.3773907623	514837.2821608198	92510.36086391182	312649.2881726453	315059.7077042502	742346.0206499572
102.20200224044711	31.16637683498372	1461961.3734240106	503297.42464478296	92417.75066762904	313699.19949554786	311087.7119463189	744756.7113145123
101.03081617368032	31.41096055154903	1461803.0367092635	540559.7945893301	93218.49045083715	313000.09633119253	311101.78864314454	744482.6612840935
99.77994037154576	31.60174477225564	1462130.220456971	491080.5397617325	93089.33784035168	312454.362798733	313933.49761410773	742653.0222037731
100.34721423945206	31.629593525003905	1466422.4981467538	527513.802667659	93406.66143205109	314268.8245535601	314236.475512895	744510.5366482518
101.06261053343768	31.491351060549157	1458280.0963126686	509760.12526654254	93351.70681464662	311205.93918146053	311558.0455784928	742164.404738064
99.54674424204528	31.746255475436953	1463853.2347652756	494651.0778388552	93352.3786972933	312497.22411551	313660.2336401796	744343.398312292
103.26533632523736	31.634062149840656	1464512.4460688548	604609.4189825988	92828.97223810205	314977.1540621129	314489.78172344354	742216.5380451989
97.31805409379146	31.40296328661082	1458982.5645610555	602277.3137349255	92203.59262163877	312140.1339717566	313106.22759072395	741532.6103769324
95.7926698896574	31.623210629459923	1461963.6493069096	524544.202667879	92743.02116751194	313738.32723996224	313352.386250223	742129.9146492179
100.31689800132148	31.63478179412716	1462977.346498247	533440.1898502022	92964.329672216	312253.92010218214	314437.5932537474	743321.5034701005
106.85695631196516	31.464206449623273	1463355.5980317376	552913.1807144997	92855.84480341926	311848.4196041889	313064.44792642526	745586.8856977025
100.4616088809511	31.79540385542995	1461516.422887332	505239.64601095836	92902.5656928481	314230.0982887102	314936.72480606916	739447.034099702
97.74023249263843	31.535021564439603	1458875.1150426767	565484.8202020279	93328.4112607653	311879.6097670873	312222.6361268576	741444.4578879673
98.10993901121888	31.687393053318882	1460793.0366197412	503192.7475369471	92978.25800271942	313195.3207177081	312883.06620875996	741736.3916905548
103.62561833119028	31.494718253540672	1458627.8395402671	550139.6440547218	93392.4437528577	313235.2754123959	312467.2988512725	739532.8215237412
97.02357310496213	31.210742973534234	1459879.642467228	514767.28130419174	92865.90099088082	312783.1902433917	312228.6847525183	742001.8664804336
101.21013219260956	31.59305440289873	1466939.2110724056	497111.5468444455	93312.96822941875	314252.52660548524	315136.6928753397	744237.0233621625
100.62040338387708	31.532438036908964	1463286.8756116128	497115.0007254899	92951.53471485557	313301.5778003505	313659.5906730755	743374.1724233362
101.01380054829309	31.57684415886462	1463010.363268616	501809.2072819478	93443.07643601451	313039.3981713328	313350.7377358758	743177.1509254043
98.76481337628171	31.487196294626862	1460896.5263539478	568006.5598984179	93188.53939878775	313923.1963736257	313819.8141492023	739964.9764323361
98.93374257749491	31.72755215390406	1462338.9812393219	519478.46515095135	92966.96674467144	313181.174261121	312788.11065365875	743402.7295798667
100.25669238842725	31.654525377481086	1464188.4712199573	519565.0729800985	93144.89101331317	314280.90986060444	314640.3675052348	742122.3028408122
102.42882521819719	31.732632769225894	1462718.2834215339	508172.2854164719	93291.96858189823	313305.39311487495	311450.43077326106	744670.490951509
97.71410314628943	31.35709611533196	1463242.8867059394	558464.5644866857	92381.49869735305	312219.4522688506	315255.0686129706	743386.8671267643
96.72075739206086	31.462877925718736	1459631.6961766502	575595.0238657192	93074.78116197942	311648.9367941725	311886.01304683124	743021.965173667
